1413394887055760384.000000 0.938417256 0.489556521 -0.045144629 -0.478249222 -0.653094769 -0.339042038 0.479369938
1413394889455760384.000000 0.459076226 0.870727360 0.471838087 -0.441463649 -0.596575081 -0.392458677 0.543308675
1413394892355760384.000000 0.268974334 1.631969571 0.621276021 -0.400654763 -0.661770761 -0.356471807 0.523892224
1413394894705760512.000000 -0.643628359 0.009284630 0.562272787 -0.007577656 -0.801073313 0.009393495 0.598444521
1413394897655760384.000000 -0.850324452 -1.014880657 0.288678437 0.005345619 -0.809030473 0.014557095 0.587562144
1413394898955760384.000000 -0.760903955 0.728510559 0.613065124 0.160269171 -0.811638713 -0.019222185 0.561415195
1413394901755760384.000000 0.129272521 -2.048191547 0.751179159 0.573347330 -0.533146262 0.462859064 0.415679395
1413394903655760384.000000 1.341264248 -1.726581812 0.500932932 0.679585993 -0.447466791 0.501741409 0.293584764
1413394905705760512.000000 0.959503174 -2.096053123 0.438464135 0.356935024 -0.800631404 0.206359863 0.434744090
1413394907805760512.000000 0.724501193 -1.531460285 0.553771198 0.129778609 -0.852666140 0.129905924 0.489124179
1413394908705760512.000000 0.474034697 -1.031196594 0.333905697 0.175347209 -0.816272795 0.096050560 0.541965425
1413394910005760512.000000 0.271537423 -0.630124867 0.815114200 0.045741770 -0.756526768 0.052608877 0.650236368
1413394911505760512.000000 0.405230343 0.170939282 0.634943664 0.084872961 -0.871341228 0.034101930 0.482076794
1413394912605760512.000000 0.426176727 0.401180238 0.547074318 -0.045624897 -0.844920337 -0.024533655 0.532377779
1413394915155760384.000000 -0.265039176 -0.888381124 0.536075473 0.444998413 -0.674120128 0.272474617 0.522777319
1413394915605760512.000000 0.007584520 -1.396255732 0.461126626 0.555785298 -0.572486103 0.348517627 0.491831243
1413394917555760384.000000 1.558293581 -2.235588551 0.036902256 0.840777755 -0.058864109 0.533043981 0.074106753
1413394918655760384.000000 2.717636824 -2.150543451 -0.099426284 -0.828349888 -0.034791596 -0.552863300 0.083475031
1413394919055760384.000000 3.246928930 -2.101123333 -0.066610008 -0.782488227 -0.148518726 -0.598612905 0.085540280
1413394919155760384.000000 3.360442162 -2.081977844 -0.025801685 -0.770791173 -0.161300197 -0.606461108 0.109855555
1413394919455760384.000000 3.605713367 -2.035238028 0.168302327 -0.726239681 -0.242481440 -0.625246108 0.151149377
1413394919555760384.000000 3.650990248 -2.022980452 0.235649303 -0.725076020 -0.280295849 -0.611021578 0.149505138
1413394919655760384.000000 3.675383091 -2.006740332 0.292350024 -0.736606181 -0.307367504 -0.579732895 0.163848579
1413394919755760384.000000 3.692297220 -1.990672231 0.340027779 -0.749678314 -0.323802292 -0.544519126 0.191398561
1413394919855760384.000000 3.702873230 -1.966786981 0.378152519 -0.760067701 -0.337986797 -0.509150207 0.220970735
1413394919955760384.000000 3.712589979 -1.933823943 0.407221168 -0.759497643 -0.361141473 -0.482833564 0.244155824
1413394920055760384.000000 3.726435900 -1.894247055 0.426989913 -0.750223458 -0.391802132 -0.461997211 0.264980197
1413394920155760384.000000 3.747311592 -1.849518895 0.435604006 -0.736950517 -0.424147755 -0.443066508 0.284068197
1413394920355760384.000000 3.807369947 -1.735843658 0.421099007 -0.691558063 -0.493215382 -0.427750260 0.309056491
1413394920655760384.000000 3.895877600 -1.500644088 0.385774016 -0.609167278 -0.565251827 -0.453194469 0.322522074
1413394920755760384.000000 3.908876657 -1.404133558 0.382652819 -0.596022546 -0.578123450 -0.457447499 0.318232894
1413394921455760384.000000 3.730213881 -0.584579885 0.189003274 -0.684838593 -0.474193096 -0.371515840 0.410015851
1413394921555760384.000000 3.725265980 -0.456773221 0.125512794 -0.692533791 -0.472106725 -0.369998366 0.400766134
1413394921655760384.000000 3.741925478 -0.326756984 0.063938789 -0.677543104 -0.487070680 -0.403788924 0.375035882
1413394922755760384.000000 3.855519056 0.807165682 0.034574989 -0.539051533 -0.628435493 -0.363080770 0.427392930
1413394922855760384.000000 3.844326019 0.889979899 0.089618251 -0.544406772 -0.632188916 -0.350979686 0.425172716
1413394922955760384.000000 3.833804607 0.977753162 0.145356342 -0.546877623 -0.635537386 -0.346182287 0.420921564
1413394923655760384.000000 3.692877769 1.763367176 0.428042859 -0.513476670 -0.664345384 -0.338815749 0.424488962
1413394923755760384.000000 3.652096272 1.895215511 0.457457840 -0.485310584 -0.678266883 -0.339800775 0.434698820
1413394924255760384.000000 3.355594158 2.533003569 0.472541630 -0.366112530 -0.732540905 -0.261498004 0.510846674
1413394924455760384.000000 3.210808992 2.764950514 0.475847214 -0.322557271 -0.751747489 -0.206804678 0.536716342
1413394924655760384.000000 3.074197292 2.992352724 0.489508867 -0.259454876 -0.773890138 -0.177981019 0.549636304
1413394924755760384.000000 3.007144213 3.102166653 0.500955641 -0.221890509 -0.783643723 -0.168241858 0.555303276
1413394925055760384.000000 2.808117151 3.387145042 0.554297388 -0.110659473 -0.785466909 -0.176428214 0.582811713
1413394925405760512.000000 2.578935862 3.528769732 0.617781878 -0.055415425 -0.812474906 -0.160734549 0.557654202
1413394925605760512.000000 2.424625397 3.509485006 0.616530120 -0.061129339 -0.814071953 -0.134041145 0.561767876
1413394926655760384.000000 1.454257011 2.949051142 0.520282328 -0.057138085 -0.827927649 -0.024243187 0.557389855
1413394926955760384.000000 1.107283354 2.770371914 0.518882751 -0.016363556 -0.819298506 0.102236494 0.563941479
1413394927105760512.000000 0.932238162 2.731885195 0.501923621 0.026614835 -0.815558672 0.108722083 0.567745805
1413394929305760512.000000 -1.119544864 2.241440535 0.619735599 0.084637552 -0.782552660 0.074563287 0.612281203
1413394930005760512.000000 -1.258101225 2.068010569 0.558077812 0.083728716 -0.800652266 0.066315606 0.589531839
1413394931105760512.000000 -1.317679048 1.980884671 0.252041459 0.083436601 -0.784215331 0.048486721 0.612938583
1413394931505760512.000000 -1.333302498 1.934311628 0.329425842 0.073930115 -0.779060781 0.047634125 0.620749354
1413394933655760384.000000 -0.317142814 1.391171217 0.430637956 0.544276237 -0.593721211 0.402279764 0.435234994
1413394934155760384.000000 -0.037721708 1.425755739 0.263844967 0.607498467 -0.529777765 0.446232319 0.388790429
1413394934305760512.000000 0.045991518 1.447351575 0.219635174 0.625783384 -0.496238142 0.470792174 0.374830157
1413394934455760384.000000 0.128019452 1.476968527 0.148506314 0.652785063 -0.475071967 0.484087110 0.337398946
1413394935155760384.000000 0.417695463 1.618853688 -0.072489172 0.671786249 -0.436146200 0.511429906 0.311318338
1413394936005760512.000000 0.558483779 1.936226249 -0.183011174 0.655961275 -0.471852392 0.476641715 0.346241087
1413394936105760512.000000 0.571694732 1.987779737 -0.201619774 0.671686053 -0.474748641 0.462485492 0.330996752
1413394936205760512.000000 0.588793635 2.037296295 -0.228959218 0.689063311 -0.465627372 0.458931088 0.312674254
1413394936255760384.000000 0.599258244 2.060017586 -0.243670955 0.695886254 -0.453352541 0.465019226 0.306546867
1413394936305760512.000000 0.610886455 2.082017660 -0.259177625 0.702624083 -0.436832815 0.474456400 0.300645500
1413394936405760512.000000 0.637722909 2.124415398 -0.287606627 0.715246797 -0.395608366 0.499891520 0.286399454
1413394936505760512.000000 0.668085039 2.166743517 -0.312261075 0.733457685 -0.346258819 0.519700468 0.268432856
1413394936605760512.000000 0.700737536 2.212089539 -0.332671165 0.754262149 -0.297254801 0.530824423 0.246887937
1413394936705760512.000000 0.735256314 2.261487007 -0.350077659 0.771831930 -0.261567563 0.537733495 0.216103151
1413394936805760512.000000 0.772311151 2.313875437 -0.362948388 0.784896195 -0.230462447 0.542944014 0.189833567
1413394936905760512.000000 0.812216997 2.369492531 -0.372455597 0.796406031 -0.201539040 0.544878125 0.168009892
1413394937005760512.000000 0.856090009 2.428485870 -0.381008774 0.808311164 -0.172217920 0.543651402 0.146346644
1413394937205760512.000000 0.961702824 2.555037975 -0.394824803 0.826907814 -0.109874792 0.541919112 0.102346256
1413394937305760512.000000 1.023635864 2.619969368 -0.401649266 0.833289504 -0.092683837 0.539878309 0.074631043
1413394937355760384.000000 1.057592750 2.651799202 -0.403979808 0.834646702 -0.086835980 0.540249288 0.062890179
1413394937555760384.000000 1.207794905 2.770409346 -0.416006386 0.832604468 -0.072620153 0.547530174 0.041316025
1413394937855760384.000000 1.472220540 2.920298815 -0.426281869 0.822793841 -0.082518533 0.561134398 0.036459103
1413394938055760384.000000 1.658969760 2.993253946 -0.422064930 0.821659684 -0.123659700 0.555346310 0.034264322
1413394938155760384.000000 1.756239176 3.016659260 -0.406571746 0.822149992 -0.144757122 0.549599051 0.032492537
1413394938355760384.000000 1.963377357 3.017724514 -0.324063390 0.816527665 -0.169877753 0.548421144 0.060485534
1413394938555760384.000000 2.177983999 2.972440720 -0.196177036 0.801249087 -0.189030930 0.557267964 0.108256876
1413394938655760384.000000 2.284645557 2.943717957 -0.145170718 0.799474001 -0.205830142 0.548506200 0.132726178
1413394938755760384.000000 2.391717911 2.911585331 -0.106482521 0.797056794 -0.231310144 0.536793053 0.151820138
1413394939055760384.000000 2.713626623 2.794906855 -0.049671635 0.743784428 -0.361943156 0.535208046 0.171272367
1413394939155760384.000000 2.812288284 2.741013527 -0.049002640 0.716915727 -0.403445542 0.537310898 0.185904607
1413394939555760384.000000 3.105106831 2.450242043 -0.073037580 0.686211407 -0.447093070 0.486955434 0.303473592
1413394939655760384.000000 3.167529345 2.369541883 -0.050858743 0.676680803 -0.456171542 0.489595413 0.307094336
1413394940055760384.000000 3.347924709 2.028924942 0.063588589 0.653809845 -0.516243398 0.453299940 0.317087740
1413394940155760384.000000 3.376913071 1.933037281 0.073217735 0.647378981 -0.529889882 0.438639253 0.328196228
1413394940255760384.000000 3.404050827 1.832178116 0.070969358 0.628315806 -0.546550691 0.434977055 0.342485964
1413394940355760384.000000 3.428252220 1.725198269 0.058089763 0.603351176 -0.564099967 0.432268709 0.361804366
1413394941055760384.000000 3.569066048 0.964621663 0.037804917 0.492613673 -0.661003590 0.362970531 0.434348226
1413394941105760512.000000 3.583003283 0.909899592 0.049019154 0.483609825 -0.673234165 0.366026700 0.422967851
1413394941205760512.000000 3.603436708 0.799506903 0.074411929 0.468351394 -0.692716122 0.367046177 0.407514960
1413394942305760512.000000 3.264792442 -0.688189745 0.510709047 0.341883987 -0.750536621 0.401966780 0.397785038
1413394942355760384.000000 3.209093809 -0.746358693 0.538367689 0.331085414 -0.755980194 0.398557097 0.400035620
1413394942705760512.000000 2.629258394 -1.060583115 0.684196174 0.256125689 -0.779521108 0.320710331 0.473171771
1413394942755760384.000000 2.527948141 -1.092140317 0.689599276 0.248381779 -0.777183950 0.299893111 0.494323522
1413394943255760384.000000 1.631350756 -1.303288937 0.514336050 0.155987471 -0.714688063 0.078527972 0.677290440
1413394944905760512.000000 1.647810936 -2.075866938 0.075697884 -0.173314184 -0.854884684 -0.066242412 0.484506398
1413394946155760384.000000 0.967286348 -1.860086083 -0.222691104 -0.604846299 -0.540719926 -0.375996739 0.447670996
1413394946355760384.000000 1.005094647 -1.826855302 -0.242096364 -0.661248505 -0.469219625 -0.428798974 0.398390353
1413394946455760384.000000 1.038943529 -1.815646648 -0.251963437 -0.691514194 -0.428362966 -0.444798321 0.374790400
1413394946555760384.000000 1.083144426 -1.810192108 -0.259492576 -0.717982948 -0.385322213 -0.461139023 0.351252407
1413394946755760384.000000 1.199266195 -1.821540236 -0.268366814 -0.741607547 -0.314376771 -0.524429440 0.275969952
1413394946855760384.000000 1.262102604 -1.836922765 -0.272177637 -0.752480686 -0.275900424 -0.549623132 0.235724583
1413394946955760384.000000 1.322985172 -1.857491970 -0.274416268 -0.762815356 -0.233593926 -0.569720566 0.197396293
1413394947055760384.000000 1.379144192 -1.882294536 -0.272651374 -0.771249890 -0.190742731 -0.586386800 0.157928795
1413394947155760384.000000 1.428297997 -1.909570217 -0.262554139 -0.782675445 -0.148607895 -0.592711091 0.118441828
1413394947255760384.000000 1.470420122 -1.937607765 -0.237153918 -0.795517564 -0.107772432 -0.590771437 0.080784231
1413394947655760384.000000 1.572476149 -2.019511223 -0.019091249 -0.815782249 -0.013648652 -0.578179657 0.004616559
1413394947755760384.000000 1.588874698 -2.030465603 0.022041785 -0.836404741 -0.014437653 -0.547917128 0.002361486
1413394947855760384.000000 1.611542106 -2.037214041 0.056229092 -0.850531578 -0.026346723 -0.525180519 0.009338884
1413394949255760384.000000 2.188843012 -1.840770841 0.520121157 -0.859896362 -0.139709473 -0.488363922 0.050599992
1413394949355760384.000000 2.185585976 -1.807546496 0.516082227 -0.871768415 -0.138200581 -0.467820197 0.045440201
1413394949455760384.000000 2.204924107 -1.761890411 0.508314848 -0.872150958 -0.135511085 -0.468005002 0.044281337
1413394949855760384.000000 2.400755405 -1.484367371 0.539868295 -0.751987636 -0.112687558 -0.644333303 0.081552736
1413394949955760384.000000 2.423062086 -1.410516024 0.546648026 -0.753463686 -0.107554309 -0.640557706 0.102030955
1413394950055760384.000000 2.427995682 -1.342111349 0.554940104 -0.754494786 -0.108905815 -0.634551167 0.127365634
1413394950255760384.000000 2.398418427 -1.237916112 0.565474927 -0.788692534 -0.125164419 -0.575633466 0.175909013
1413394950355760384.000000 2.379601002 -1.208197594 0.570699453 -0.816876888 -0.153292239 -0.533217549 0.157773912
1413394950455760384.000000 2.370071650 -1.186296821 0.580483079 -0.835031748 -0.181919202 -0.503104448 0.128504515
1413394950555760384.000000 2.375241756 -1.161169291 0.594335079 -0.844649315 -0.198791727 -0.484957069 0.108930990
1413394950655760384.000000 2.397969723 -1.125465155 0.613879144 -0.843038023 -0.206182197 -0.486538649 0.100279786
1413394950755760384.000000 2.437454939 -1.075341702 0.642507970 -0.817829728 -0.210582674 -0.525227785 0.104620226
1413394950955760384.000000 2.520237684 -0.948879957 0.709787965 -0.727872789 -0.217119962 -0.633215666 0.148654312
1413394951055760384.000000 2.537173748 -0.886427283 0.742065370 -0.688008368 -0.226290196 -0.667430282 0.173130363
1413394951555760384.000000 2.281122923 -0.757470548 0.881261349 -0.809433639 -0.318488002 -0.447238773 0.208230734
1413394951655760384.000000 2.231297970 -0.741326094 0.917638898 -0.832114100 -0.323721588 -0.405660689 0.195524618
1413394951755760384.000000 2.210501432 -0.706385016 0.960755944 -0.843470573 -0.324763596 -0.385961115 0.184715912
1413394951855760384.000000 2.226876497 -0.645480275 1.019103765 -0.824765265 -0.324203819 -0.424928933 0.184633777
1413394953155760384.000000 2.619832754 0.238834754 1.397569418 -0.652967095 -0.326850593 -0.617716074 0.291941166
1413394953255760384.000000 2.607951403 0.258039385 1.415497899 -0.643484116 -0.321964264 -0.627951622 0.296553701
1413394953355760384.000000 2.570245981 0.250998437 1.456269741 -0.632344007 -0.315008223 -0.640333474 0.301469803
1413394953455760384.000000 2.508618355 0.219084308 1.502656698 -0.644252658 -0.316681802 -0.629914284 0.296410650
1413394953955760384.000000 2.101977110 -0.013866663 1.275058031 -0.791039884 -0.374680251 -0.444104075 0.191421300
1413394954055760384.000000 2.041394472 -0.020911951 1.184891701 -0.766701400 -0.367597222 -0.483013660 0.209138930
1413394954155760384.000000 1.986557841 -0.015141327 1.098394036 -0.734219670 -0.359278083 -0.528284192 0.229688093
1413394954255760384.000000 1.928874493 -0.006136946 1.014837384 -0.699493349 -0.348461598 -0.571039081 0.251392007
1413394954355760384.000000 1.860846996 -0.002430446 0.935333550 -0.674527407 -0.340081036 -0.598736286 0.266219109
1413394954455760384.000000 1.777181387 -0.009458166 0.868052602 -0.672274590 -0.335500509 -0.600387633 0.273899794
1413394954555760384.000000 1.678102732 -0.028695732 0.812773228 -0.701739669 -0.339987993 -0.565968454 0.267674029
1413394954655760384.000000 1.570039153 -0.057707772 0.760641515 -0.749675512 -0.347647011 -0.504563630 0.250087738
1413394954755760384.000000 1.465778947 -0.086727530 0.708596528 -0.791314065 -0.348343581 -0.445451379 0.232490867
1413394954955760384.000000 1.311081171 -0.109209523 0.601676106 -0.797443807 -0.345959038 -0.446750432 0.211683214
1413394955155760384.000000 1.208247781 -0.078969643 0.488698065 -0.727890015 -0.350789577 -0.537145317 0.242069572
1413394955355760384.000000 1.084762812 -0.045213934 0.386921942 -0.682619452 -0.372969478 -0.554506958 0.295713782
1413394955455760384.000000 1.009986997 -0.039977472 0.347238660 -0.708113194 -0.385148197 -0.492952853 0.327466071
1413394956105760512.000000 0.927857518 0.140432596 0.397719592 -0.669225216 -0.442732900 -0.509175777 0.311231822
1413394956205760512.000000 0.934524596 0.201878622 0.422626585 -0.644976437 -0.430587590 -0.533488452 0.337623715
1413394958955760384.000000 0.985343099 0.555500031 0.647250891 -0.429418355 -0.760017931 -0.248183534 0.419973344
1413394960005760512.000000 0.837261260 0.764043689 0.848444223 -0.223450348 -0.797937572 -0.184589088 0.528481364
1413394962705760512.000000 -0.364564985 0.198632672 0.726607621 0.009219781 -0.755934060 0.012084261 0.654471397
1413394965055760384.000000 0.704019666 -1.135132790 0.279116929 -0.011666903 -0.862547040 0.066055477 0.501510799
1413394966455760384.000000 0.986322463 -1.198967695 0.422340065 0.366489202 -0.791030288 0.218608811 0.438368648
1413394966855760384.000000 1.127972007 -1.281477928 0.397137374 0.388748318 -0.674490333 0.324998319 0.536948562
1413394968355760384.000000 1.690624595 -1.288382530 0.575671732 0.663942099 -0.503829479 0.443553686 0.329540551
1413394968605760512.000000 1.780494928 -1.281809568 0.556116343 0.684764981 -0.475827485 0.458573014 0.307239145
1413394970355760384.000000 2.713650227 -1.362802267 0.303034782 0.689887106 -0.422105312 0.509988487 0.292907208
1413394970755760384.000000 2.966953039 -1.327525854 0.269001544 0.635800004 -0.437612295 0.578354716 0.264120668
1413394970955760384.000000 2.987166405 -1.292795062 0.240144864 0.685955644 -0.419876844 0.511934221 0.301814139
1413394971255760384.000000 2.999957800 -1.226420045 0.279912114 0.722500265 -0.436832309 0.449478358 0.291787982
1413394971455760384.000000 3.043128490 -1.214334130 0.291496396 0.740413249 -0.457143843 0.415225059 0.265322447
1413394971555760384.000000 3.081130743 -1.235326290 0.295249254 0.737361848 -0.468766302 0.416183442 0.251688331
1413394971855760384.000000 3.219161749 -1.410202503 0.340977848 0.667013586 -0.472997069 0.504134595 0.277875781
1413394971955760384.000000 3.250761986 -1.488273025 0.358036250 0.637936294 -0.476807892 0.526409447 0.297631741
1413394972055760384.000000 3.268454790 -1.564755321 0.368804485 0.613343120 -0.484265357 0.533655405 0.323279083
1413394972155760384.000000 3.271439552 -1.634518147 0.369333953 0.588675380 -0.500938952 0.530506313 0.347972155
1413394972255760384.000000 3.259305716 -1.693565488 0.360015243 0.563015699 -0.524215996 0.519298017 0.372210205
1413394972355760384.000000 3.232564926 -1.740369916 0.344068110 0.535076678 -0.551808834 0.501887739 0.396621704
1413394972455760384.000000 3.192275763 -1.773417592 0.321341008 0.506312788 -0.585602820 0.477753282 0.415293336
1413394972555760384.000000 3.139623404 -1.793273449 0.292670190 0.484695047 -0.626138508 0.438119173 0.425526589
1413394972655760384.000000 3.076066732 -1.800852299 0.267565519 0.463947117 -0.662319362 0.391022205 0.439531177
1413394972755760384.000000 3.003528357 -1.805683136 0.249864340 0.442416698 -0.685539544 0.340924859 0.466983169
1413394972855760384.000000 2.927953005 -1.809090137 0.239802688 0.417154878 -0.701219141 0.293867618 0.497911096
1413394973255760384.000000 2.673735142 -1.844442010 0.210000113 0.254549593 -0.775672555 0.181952864 0.548114836
1413394973355760384.000000 2.616357088 -1.855000854 0.202332497 0.208969578 -0.791578531 0.159352168 0.551672161
1413394973555760384.000000 2.498949528 -1.874629974 0.193191454 0.119995296 -0.810704470 0.107237339 0.562902868
1413394973755760384.000000 2.375398636 -1.888145924 0.193386734 0.036530629 -0.818015873 0.041563250 0.572527707
1413394974155760384.000000 2.139864922 -1.895926833 0.214240804 -0.140009344 -0.801528335 -0.066106409 0.577563584
1413394974305760512.000000 2.063621044 -1.893612027 0.223009750 -0.206872150 -0.787301064 -0.099405922 0.572258115
1413394975505760512.000000 1.795936823 -1.574093342 0.135656133 -0.479384989 -0.644408345 -0.359803021 0.474836528
1413394975755760384.000000 1.760593653 -1.554002523 0.066001311 -0.502071023 -0.648367107 -0.361587763 0.443620503
1413394975855760384.000000 1.739084482 -1.545898080 0.048279345 -0.505437493 -0.648805022 -0.360172212 0.440296441
1413394976605760512.000000 1.488254428 -1.577302337 0.005323417 -0.467249185 -0.613746703 -0.398519158 0.496160895
1413394977005760512.000000 1.371599436 -1.802176356 -0.008243745 -0.546149254 -0.642275274 -0.294254035 0.450131297
1413394977105760512.000000 1.361415982 -1.850728154 -0.002572618 -0.572186291 -0.650937080 -0.264907449 0.422738582
1413394977205760512.000000 1.360421538 -1.875973463 0.009789284 -0.593184710 -0.655941129 -0.242969409 0.398546219
1413394977305760512.000000 1.368619800 -1.866746068 0.032763258 -0.594839036 -0.665808320 -0.247897714 0.376048744
1413394977505760512.000000 1.394318700 -1.756363511 0.106661826 -0.565159798 -0.686718583 -0.296301335 0.348163009
1413394977905760512.000000 1.334411502 -1.191989422 0.320846438 -0.537820280 -0.669031024 -0.344233066 0.380329460
1413394978005760512.000000 1.294357300 -1.002935767 0.380838603 -0.523544908 -0.654905915 -0.367375761 0.402534693
1413394979705760512.000000 0.115465716 1.456183672 0.628866374 -0.465400308 -0.520864725 -0.415373355 0.582724214
1413394981005760512.000000 0.125459135 0.366383284 0.799503803 -0.540588975 -0.611444712 -0.363120794 0.449491054
1413394981455760384.000000 0.115014821 -0.055844717 0.722357512 -0.546736002 -0.612746239 -0.360883296 0.442023903
1413394981805760512.000000 0.145599663 -0.313217849 0.659288585 -0.565779150 -0.611497581 -0.362884581 0.417468011
1413394982605760512.000000 0.462488294 -0.588607371 0.620813251 -0.698526442 -0.436775863 -0.414213836 0.386929631
1413394982655760384.000000 0.511434436 -0.599522769 0.627295732 -0.705235481 -0.425354868 -0.422096819 0.378880441
1413394982755760384.000000 0.620448112 -0.622285008 0.642269909 -0.717929661 -0.402916521 -0.436588615 0.362802595
1413394982805760512.000000 0.680408239 -0.634363711 0.650724411 -0.723103940 -0.392346710 -0.445373893 0.353308678
1413394982855760384.000000 0.743507981 -0.647078693 0.659233332 -0.728284836 -0.381892830 -0.453466862 0.343696058
1413394982905760512.000000 0.809462488 -0.660271525 0.668282807 -0.733120978 -0.372025728 -0.461222947 0.333772361
1413394983005760512.000000 0.948644221 -0.688231647 0.687346458 -0.739674687 -0.356704235 -0.477440894 0.312560022
1413394983105760512.000000 1.094540358 -0.717419147 0.707604408 -0.742399633 -0.348249584 -0.491312653 0.293559194
1413394983205760512.000000 1.243873000 -0.746283054 0.729347467 -0.742227495 -0.343781859 -0.502451897 0.280097395
1413394983305760512.000000 1.394293666 -0.774435461 0.751203299 -0.741009295 -0.341610551 -0.509392619 0.273361742
1413394983405760512.000000 1.545183301 -0.802355289 0.773248494 -0.737540305 -0.346214265 -0.515801013 0.264800459
1413394984505760512.000000 2.736458540 -0.853607416 0.602782786 -0.707793593 -0.425343454 -0.507193685 0.246709839
1413394984805760512.000000 2.867316484 -0.739019632 0.544252098 -0.688447952 -0.467070967 -0.484386832 0.270653874
1413394985205760512.000000 2.948473215 -0.470223874 0.520883203 -0.641072869 -0.522846162 -0.459748715 0.322937608
1413394986905760512.000000 2.935691357 1.412990451 1.030821323 -0.629169941 -0.528846323 -0.457826287 0.338912815
1413394987005760512.000000 2.915250540 1.549570441 1.062106729 -0.633598864 -0.517084897 -0.453684598 0.354042411
1413394987105760512.000000 2.891402960 1.683153152 1.079939485 -0.641252160 -0.504539967 -0.444455475 0.369722068
1413394987705760512.000000 2.734683514 2.402883291 1.087658525 -0.596884847 -0.511580884 -0.507697523 0.352500886
1413394987905760512.000000 2.609924793 2.590217590 1.112742424 -0.588255227 -0.503586650 -0.520136952 0.360296875
1413394988105760512.000000 2.431722879 2.729177713 1.156589150 -0.585580707 -0.490720958 -0.525288880 0.374646217
1413394988205760512.000000 2.325213909 2.777421951 1.181127191 -0.593996763 -0.481995970 -0.514786720 0.387094796
1413394988405760512.000000 2.101530313 2.827219725 1.225521326 -0.631763577 -0.444574922 -0.483901381 0.411178052
1413394989305760512.000000 1.361544967 2.443188429 1.165967584 -0.724050462 -0.344393909 -0.537850261 0.260501444
1413394989405760512.000000 1.275690317 2.374204636 1.157585144 -0.727992713 -0.343116820 -0.530855834 0.265498847
1413394989505760512.000000 1.188843131 2.303769350 1.148535967 -0.730501473 -0.342208445 -0.524876356 0.271598876
1413394989605760512.000000 1.102442861 2.231273890 1.132508993 -0.733201444 -0.341887534 -0.518060684 0.277744234
1413394990655760384.000000 0.438069820 1.563438654 0.599281549 -0.562830031 -0.617466569 -0.372732371 0.403767258
1413394991055760384.000000 0.211571693 1.491844058 0.424299061 -0.559691191 -0.619691789 -0.369315714 0.407840610
1413394991455760384.000000 -0.014059462 1.546420097 0.312397510 -0.598744154 -0.577146471 -0.381204247 0.403845072
1413394991655760384.000000 -0.104495347 1.608479619 0.273668706 -0.627646446 -0.539989352 -0.408755839 0.383914351
1413394992105760512.000000 -0.267986476 1.773068070 0.217587709 -0.655871630 -0.461982071 -0.459317982 0.381355584
1413394992355760384.000000 -0.315804660 1.825806022 0.198339581 -0.691107631 -0.431464612 -0.457043439 0.356819153
1413394992855760384.000000 -0.324852109 1.893679380 0.215779990 -0.708197773 -0.391187638 -0.502252340 0.305238992
1413394993355760384.000000 -0.319472253 1.932344794 0.136101112 -0.716379881 -0.387126356 -0.510731816 0.275837123
1413394993705760512.000000 -0.327738583 1.967905283 0.027296163 -0.713307858 -0.392200977 -0.514818430 0.268946856
1413394994155760384.000000 -0.352510929 2.015287161 -0.163196623 -0.764105558 -0.283124030 -0.524107039 0.247579098
1413394994605760512.000000 -0.326856345 1.988869190 -0.210239932 -0.785446346 -0.209579214 -0.567179859 0.132126942
1413394995005760512.000000 -0.351206660 2.026316404 -0.145565033 -0.780549645 -0.188867152 -0.582167506 0.127092227
1413394995305760512.000000 -0.410827607 2.076868773 -0.228388116 -0.799503922 -0.174665287 -0.552241266 0.159107119
1413394995705760512.000000 -0.433025986 2.125898361 -0.386725396 -0.804180264 -0.186640471 -0.545146227 0.145859480
1413394995805760512.000000 -0.423883379 2.141066551 -0.413996398 -0.795578063 -0.183320090 -0.557524145 0.150386602
1413394996005760512.000000 -0.405768573 2.166110039 -0.476067364 -0.788850188 -0.181574389 -0.568608582 0.146391600
1413394996505760512.000000 -0.409442753 2.177473068 -0.456746012 -0.781817615 -0.190498054 -0.575977147 0.143952072
1413394997005760512.000000 -0.400508314 2.187976122 -0.445472479 -0.780513346 -0.188826501 -0.577693403 0.146335229
1413394997305760512.000000 -0.395476013 2.193960667 -0.440702796 -0.780585170 -0.188659951 -0.577591360 0.146568686
1413394997505760512.000000 -0.392476976 2.197614670 -0.438415915 -0.780613720 -0.188599363 -0.577596843 0.146473274
1413394998005760512.000000 -0.387309790 2.205857515 -0.436045170 -0.780733645 -0.188344121 -0.577527463 0.146436363
